Región Provincia Cantón 2017-2018 2018-2019 2019-2020 2020-2021 2021-2022 2022-2023 
CB Puntarenas Buenos Aires 23,948.7875 13,934.1375 13,703.1750 15,903.5630 20,170.3625 18,718.7425 
CB Puntarenas Coto Brus 135,817.9725 110,704.5475 128,839.4230 111,238.1375 132,485.2875 127,165.6950 
CB Puntarenas Golfito 2.5500 
LS Cartago Cartago 75,713.6625 63,237.2250 74,613.4225 67,318.7975 45,550.6900 56,461.7625 
LS Cartago El Guarco 12,118.4375 12,951.2000 13,183.6100 18,825.4175 9,489.0350 14,996.4850 
LS San José Acosta 51,364.5750 39,057.9000 42,976.4500 51,551.0125 50,168.2900 49,990.9925 
LS San José Aserrí 47,065.3500 42,828.4375 55,091.8625 49,266.2500 46,659.5675 60,566.7200 
LS San José Desamparados 108,188.1250 82,723.3000 99,534.0050 76,779.0000 58,107.6925 85,201.1825 
LS San José Dota 38,406.0375 59,458.9125 73,532.8825 72,959.4125 62,603.3850 66,733.6650 
LS San José León Cortés 214,897.1900 167,331.3250 202,522.5750 189,705.5750 151,319.0225 173,022.1480 
LS San José Tarrazú 262,197.0000 265,019.4625 305,156.0375 268,718.2025 250,940.7125 267,863.9525 
PZ San José Pérez Zeledón 212,758.5500 204,445.6825 217,634.8100 200,104.5425 217,848.5950 215,009.9700 
T Cartago Jiménez 15,689.5000 13,475.5250 17,239.0750 14,049.4875 7,083.0575 15,867.1375 
T Cartago Paraíso 15,237.5500 22,171.6000 22,782.1350 24,186.8400 15,330.9950 24,707.9275 
T Cartago Turrialba 38,552.0125 43,644.6000 50,345.3625 46,754.1500 31,356.9725 52,701.3280 
VC Alajuela Alajuela 135,860.7400 61,619.4375 115,955.4375 80,613.1085 90,816.6325 95,743.4415 
VC Alajuela Poás 61,425.5625 32,653.0275 50,612.1125 59,061.4825 36,854.7350 65,478.5875 
VC Cartago La Unión 9,247.8875 15,633.8375 21,668.2100 19,062.1650 11,984.8300 17,955.9250 
VC Heredia Barva 14,578.3125 13,768.8838 21,073.5250 13,685.8500 11,610.2500 12,113.3875 
VC Heredia Flores 16.3775 
VC Heredia Heredia 7,098.1375 5,227.4250 6,310.5625 6,164.6250 2,868.1250 3,433.2250 
VC Heredia San Isidro 2,892.4500 3,638.3000 3,812.9250 3,024.8400 1,819.1125 4,053.2250 
VC Heredia San Pablo 5,121.9500 4,025.1375 4,602.3000 7,549.8750 5,918.4250 5,625.1000 
VC Heredia San Rafael 7,944.6500 9,878.2125 12,134.8250 11,236.9125 10,100.3250 11,700.8625 
VC Heredia Santa Bárbara 26,166.5000 13,646.7913 29,582.2000 17,581.5400 14,449.7950 15,060.9750 
VC Heredia Santo Domingo 7,522.2625 8,453.2500 12,901.2375 10,519.5125 7,302.6125 10,780.4875 
VC San José Alajuelita 3.8000 
VC San José Curridabat 651.3125 1,477.1375 1,842.0000 753.1000 659.1500 1,069.0500 
VC San José Escazú 252.6875 2,474.9875 662.8125 613.3500 308.3750 439.7125 
VC San José Goicoechea 112.5000 75.0000 60.0000 
VC San José Mora 55.8250 
VC San José Moravia 643.4750 500.4000 11,412.5750 8,303.0125 
VC San José Puriscal 17,374.4150 16,396.2625 14,546.6125 14,883.9875 17,490.3375 20,965.9250 
VC San José San José 74.6025 3,155.6375 189.5750 118.6050 
VC San José Santa Ana 5,454.2000 3,845.1875 6,308.7375 7,578.7875 5,226.5500 5,201.3875 
VC San José Tibás 4,227.9625 8,666.9750 7,921.5625 7,478.5250 
VC San José Turrubares 3,997.9875 3,897.7375 4,738.8375 2,830.7875 3,002.2625 3,124.3375 
VO Alajuela Atenas 31,258.4125 25,197.7375 23,971.1500 32,354.3125 22,525.0375 29,461.5875 
VO Alajuela Grecia 60,875.3850 53,037.7425 34,735.4500 78,815.9400 48,903.3700 75,648.2750 
VO Alajuela Naranjo 142,296.9050 108,905.1375 100,178.8800 126,215.9015 92,448.5925 111,580.3315 
VO Alajuela Palmares 38,827.0025 31,000.5500 23,780.1000 26,546.6425 27,219.8325 25,693.2000 
VO Alajuela San Mateo 3,525.4375 2,734.9500 2,452.8750 3,077.5000 1,911.4000 2,530.5875 
VO Alajuela San Ramón 122,238.8400 100,946.2600 113,957.8525 97,550.9075 115,983.5375 112,209.9000 
VO Alajuela Sarchí 30,440.5375 23,266.7625 22,920.6000 33,547.7200 22,030.1525 30,418.2250 
VO Alajuela Zarcero 658.9000 460.0000 530.0000 757.4650 356.0000 550.5000 
ZN Alajuela Río Cuarto 44.8875 21.7375 6.6125 9.9250 16.4125 
ZN Alajuela San Carlos 276.8250 192.7125 312.8875 252.2000 342.5875 355.5250 
ZN Alajuela Upala 135.2125 18.5250 
ZN Guanacaste Abangares 5,761.7625 3,904.4250 3,279.8625 2,075.2025 1,312.6875 2,440.2700 
ZN Guanacaste Hojancha 996.4250 787.4875 773.0500 1,128.5250 475.9250 655.7000 
ZN Guanacaste Nandayure 5,193.7750 3,674.1250 3,011.1375 4,857.8250 2,719.7625 2,899.2000 
ZN Guanacaste Nicoya 1,603.4125 2,040.1375 730.9125 1,033.9625 765.8875 450.3750 
ZN Guanacaste Tilarán 5,727.6750 4,454.7000 3,710.3500 3,235.9125 3,716.1375 2,911.9625 
ZN Heredia Sarapiquí 0.6750 1.7750 5.4500 9.6125 9.8500 16.3625 
ZN Puntarenas Montes de Oro 1,157.6375 851.0625 584.7125 564.4750 114.9650 656.4500 
ZN Puntarenas Puntarenas 4,549.7375 6,196.8750 4,083.3250 3,927.8400 4,600.1900 5,059.6000 
ZN Puntarenas Monteverde 1,291.3650 